%Mat Object: 4 MPI processes
%  type: mpiaij
% Size = 441 441 
% Nonzeros = 2921 
zzz = zeros(2921,3);
zzz = [
1 1  2.0000000000000000e+00
1 2  -5.0000000000000011e-01
1 16  0.0000000000000000e+00
1 327  -5.0000000000000011e-01
1 334  -1.0000000000000000e+00
2 1  -5.0000000000000011e-01
2 2  2.0000000000000000e+00
2 3  -4.9999999999999961e-01
2 16  -1.0000000000000004e+00
2 17  0.0000000000000000e+00
3 2  -4.9999999999999961e-01
3 3  2.0000000000000000e+00
3 4  -5.0000000000000011e-01
3 17  -1.0000000000000004e+00
3 18  0.0000000000000000e+00
4 3  -5.0000000000000011e-01
4 4  2.0000000000000000e+00
4 5  -5.0000000000000011e-01
4 18  -1.0000000000000000e+00
4 19  0.0000000000000000e+00
5 4  -5.0000000000000011e-01
5 5  2.0000000000000000e+00
5 6  -4.9999999999999961e-01
5 19  -1.0000000000000004e+00
5 20  0.0000000000000000e+00
6 5  -4.9999999999999961e-01
6 6  1.9999999999999998e+00
6 7  -5.0000000000000067e-01
6 20  -9.9999999999999978e-01
6 21  0.0000000000000000e+00
7 6  -5.0000000000000067e-01
7 7  2.0000000000000000e+00
7 8  -4.9999999999999961e-01
7 21  -9.9999999999999978e-01
7 22  0.0000000000000000e+00
8 7  -4.9999999999999961e-01
8 8  1.9999999999999998e+00
8 9  -5.0000000000000067e-01
8 22  -9.9999999999999978e-01
8 23  0.0000000000000000e+00
9 8  -5.0000000000000067e-01
9 9  2.0000000000000000e+00
9 10  -4.9999999999999961e-01
9 23  -9.9999999999999978e-01
9 24  0.0000000000000000e+00
10 9  -4.9999999999999961e-01
10 10  2.0000000000000000e+00
10 11  -4.9999999999999961e-01
10 24  -1.0000000000000009e+00
10 25  0.0000000000000000e+00
11 10  -4.9999999999999961e-01
11 11  1.9999999999999998e+00
11 12  -5.0000000000000067e-01
11 25  -9.9999999999999978e-01
11 26  0.0000000000000000e+00
12 11  -5.0000000000000067e-01
12 12  2.0000000000000000e+00
12 13  -4.9999999999999961e-01
12 26  -9.9999999999999978e-01
12 27  0.0000000000000000e+00
13 12  -4.9999999999999961e-01
13 13  1.9999999999999998e+00
13 14  -5.0000000000000067e-01
13 27  -9.9999999999999978e-01
13 28  0.0000000000000000e+00
14 13  -5.0000000000000067e-01
14 14  2.0000000000000000e+00
14 15  -4.9999999999999961e-01
14 28  -9.9999999999999978e-01
14 29  0.0000000000000000e+00
15 14  0.0000000000000000e+00
15 15  1.0000000000000000e+00
15 29  0.0000000000000000e+00
16 1  0.0000000000000000e+00
16 2  -1.0000000000000004e+00
16 16  4.0000000000000000e+00
16 17  -9.9999999999999922e-01
16 30  -1.0000000000000004e+00
16 31  0.0000000000000000e+00
16 334  -1.0000000000000002e+00
17 2  0.0000000000000000e+00
17 3  -1.0000000000000004e+00
17 16  -9.9999999999999922e-01
17 17  4.0000000000000000e+00
17 18  -1.0000000000000002e+00
17 31  -1.0000000000000004e+00
17 32  0.0000000000000000e+00
18 3  0.0000000000000000e+00
18 4  -1.0000000000000000e+00
18 17  -1.0000000000000002e+00
18 18  4.0000000000000000e+00
18 19  -1.0000000000000002e+00
18 32  -1.0000000000000000e+00
18 33  0.0000000000000000e+00
19 4  0.0000000000000000e+00
19 5  -1.0000000000000004e+00
19 18  -1.0000000000000002e+00
19 19  4.0000000000000000e+00
19 20  -9.9999999999999922e-01
19 33  -1.0000000000000004e+00
19 34  0.0000000000000000e+00
20 5  0.0000000000000000e+00
20 6  -9.9999999999999978e-01
20 19  -9.9999999999999922e-01
20 20  4.0000000000000000e+00
20 21  -1.0000000000000013e+00
20 34  -9.9999999999999978e-01
20 35  0.0000000000000000e+00
21 6  0.0000000000000000e+00
21 7  -9.9999999999999978e-01
21 20  -1.0000000000000013e+00
21 21  4.0000000000000000e+00
21 22  -9.9999999999999922e-01
21 35  -9.9999999999999978e-01
21 36  0.0000000000000000e+00
22 7  0.0000000000000000e+00
22 8  -9.9999999999999978e-01
22 21  -9.9999999999999922e-01
22 22  4.0000000000000000e+00
22 23  -1.0000000000000013e+00
22 36  -9.9999999999999978e-01
22 37  0.0000000000000000e+00
23 8  0.0000000000000000e+00
23 9  -9.9999999999999978e-01
23 22  -1.0000000000000013e+00
23 23  4.0000000000000000e+00
23 24  -9.9999999999999922e-01
23 37  -9.9999999999999978e-01
23 38  0.0000000000000000e+00
24 9  0.0000000000000000e+00
24 10  -1.0000000000000009e+00
24 23  -9.9999999999999922e-01
24 24  4.0000000000000000e+00
24 25  -9.9999999999999922e-01
24 38  -1.0000000000000009e+00
24 39  0.0000000000000000e+00
25 10  0.0000000000000000e+00
25 11  -9.9999999999999978e-01
25 24  -9.9999999999999922e-01
25 25  4.0000000000000000e+00
25 26  -1.0000000000000013e+00
25 39  -9.9999999999999978e-01
25 40  0.0000000000000000e+00
26 11  0.0000000000000000e+00
26 12  -9.9999999999999978e-01
26 25  -1.0000000000000013e+00
26 26  4.0000000000000000e+00
26 27  -9.9999999999999922e-01
26 40  -9.9999999999999978e-01
26 41  0.0000000000000000e+00
27 12  0.0000000000000000e+00
27 13  -9.9999999999999978e-01
27 26  -9.9999999999999922e-01
27 27  4.0000000000000000e+00
27 28  -1.0000000000000013e+00
27 41  -9.9999999999999978e-01
27 42  0.0000000000000000e+00
28 13  0.0000000000000000e+00
28 14  -9.9999999999999978e-01
28 27  -1.0000000000000013e+00
28 28  4.0000000000000000e+00
28 29  -9.9999999999999922e-01
28 42  -9.9999999999999978e-01
28 43  0.0000000000000000e+00
29 14  0.0000000000000000e+00
29 15  0.0000000000000000e+00
29 28  0.0000000000000000e+00
29 29  1.0000000000000000e+00
29 43  0.0000000000000000e+00
30 16  -1.0000000000000004e+00
30 30  4.0000000000000000e+00
30 31  -9.9999999999999911e-01
30 44  0.0000000000000000e+00
30 334  0.0000000000000000e+00
30 341  -1.0000000000000002e+00
30 349  -1.0000000000000007e+00
31 16  0.0000000000000000e+00
31 17  -1.0000000000000004e+00
31 30  -9.9999999999999911e-01
31 31  4.0000000000000000e+00
31 32  -1.0000000000000002e+00
31 44  -1.0000000000000007e+00
31 45  0.0000000000000000e+00
32 17  0.0000000000000000e+00
32 18  -1.0000000000000000e+00
32 31  -1.0000000000000002e+00
32 32  4.0000000000000000e+00
32 33  -1.0000000000000002e+00
32 45  -1.0000000000000002e+00
32 46  0.0000000000000000e+00
33 18  0.0000000000000000e+00
33 19  -1.0000000000000004e+00
33 32  -1.0000000000000002e+00
33 33  4.0000000000000000e+00
33 34  -9.9999999999999911e-01
33 46  -1.0000000000000007e+00
33 47  0.0000000000000000e+00
34 19  0.0000000000000000e+00
34 20  -9.9999999999999978e-01
34 33  -9.9999999999999911e-01
34 34  4.0000000000000000e+00
34 35  -1.0000000000000013e+00
34 47  -9.9999999999999989e-01
34 48  0.0000000000000000e+00
35 20  0.0000000000000000e+00
35 21  -9.9999999999999978e-01
35 34  -1.0000000000000013e+00
35 35  4.0000000000000000e+00
35 36  -9.9999999999999911e-01
35 48  -9.9999999999999989e-01
35 49  0.0000000000000000e+00
36 21  0.0000000000000000e+00
36 22  -9.9999999999999978e-01
36 35  -9.9999999999999911e-01
36 36  4.0000000000000000e+00
36 37  -1.0000000000000013e+00
36 49  -9.9999999999999989e-01
36 50  0.0000000000000000e+00
37 22  0.0000000000000000e+00
37 23  -9.9999999999999978e-01
37 36  -1.0000000000000013e+00
37 37  4.0000000000000000e+00
37 38  -9.9999999999999911e-01
37 50  -9.9999999999999989e-01
37 51  0.0000000000000000e+00
38 23  0.0000000000000000e+00
38 24  -1.0000000000000009e+00
38 37  -9.9999999999999911e-01
38 38  4.0000000000000000e+00
38 39  -9.9999999999999911e-01
38 51  -1.0000000000000011e+00
38 52  0.0000000000000000e+00
39 24  0.0000000000000000e+00
39 25  -9.9999999999999978e-01
39 38  -9.9999999999999911e-01
39 39  4.0000000000000000e+00
39 40  -1.0000000000000013e+00
39 52  -9.9999999999999989e-01
39 53  0.0000000000000000e+00
40 25  0.0000000000000000e+00
40 26  -9.9999999999999978e-01
40 39  -1.0000000000000013e+00
40 40  4.0000000000000000e+00
40 41  -9.9999999999999911e-01
40 53  -9.9999999999999989e-01
40 54  0.0000000000000000e+00
41 26  0.0000000000000000e+00
41 27  -9.9999999999999978e-01
41 40  -9.9999999999999911e-01
41 41  4.0000000000000000e+00
41 42  -1.0000000000000013e+00
41 54  -9.9999999999999989e-01
41 55  0.0000000000000000e+00
42 27  0.0000000000000000e+00
42 28  -9.9999999999999978e-01
42 41  -1.0000000000000013e+00
42 42  4.0000000000000000e+00
42 43  -9.9999999999999911e-01
42 55  -9.9999999999999989e-01
42 56  0.0000000000000000e+00
